tf.Tensor(
[0.0365132  0.03662994 0.14979085 0.22973572 0.0479843  0.03748192
 0.11043728 0.07334707 0.16899543 0.14796316 0.14695587 0.27423873
 0.58083964 0.06336421 0.20073998 0.17450835 0.04375118 0.07441944
 0.26329093 0.28340222 0.00980397 0.01209993 0.53795151 0.04719477
 0.06854931 0.37221305 0.12441818 0.37286837 0.13431196 0.20197378
 0.37363491 0.30286125 0.10758192 0.09545884 0.10495567 0.03340397
 0.03705629 0.10582162 0.04015708 0.0148962  0.48435327 0.14243642
 0.27285356 0.02115818 0.1582571  0.14859855 0.1436772  0.02488693
 0.07932943 0.23522272 0.3210169  0.07385421 0.26140851 0.18713129
 0.01305818 0.01866949 0.12161391 0.05761024 0.09025874 0.06510573
 0.00828283 0.21688061 0.01383155 0.17673808 0.38157188 0.15166556
 0.2074206  0.01173501 0.31267206 0.2286849  0.03354604 0.11015169
 0.26819393 0.13961759 0.37482183 0.00240004 0.05038085 0.10775718
 0.14736563 0.06753357 0.40495995 0.09764345 0.05774795 0.33755462
 0.24726108 0.07854746 0.32956757 0.29192931 0.37498384 0.0549115
 0.27774011 0.0010319  0.18978883 0.28104716 0.22222859 0.44427494
 0.6099169  0.0938182  0.33839786 0.4998016  0.03748192 0.02475053
 0.14456674 0.17173158 0.06107144 0.42467953 0.0113695  0.00888212
 0.09313085 0.14313527 0.06753357 0.07509587 0.50575134 0.04398859
 0.2847545  0.07214923 0.21349626 0.00240004 0.22371276 0.08927735
 0.12984813 0.08691166 0.40830222 0.02414383 0.00747801 0.28559106
 0.16970695 0.18813204 0.01836497 0.43849187 0.53127817 0.2276974
 0.08930923 0.0896596  0.3341873  0.04821691 0.07666547 0.0530448
 0.02176358 0.02159167 0.17056591 0.23026455 0.03234252 0.01082
 0.19609288 0.1567757  0.36952988 0.1110814  0.02067273 0.02134465
 0.06753357 0.2033492  0.0051097  0.19810733 0.07576997 0.33260838
 0.01584484 0.63341384 0.09021143 0.02067273 0.13819384 0.03748192
 0.61435453 0.0647146  0.37127344 0.33071766 0.06753357 0.32156829
 0.27377308 0.0852454  0.21673169 0.05709641 0.16518314 0.54171402
 0.33891345 0.44284581 0.0228489  0.27351077 0.01714311 0.20232488
 0.17896709 0.09688405 0.04540754 0.43747496 0.5075128  0.23097999
 0.21885051 0.44978946 0.24486788 0.18901706 0.00711935 0.05248846
 0.05857154 0.09935949 0.10509119 0.02067273 0.22664993 0.00711935
 0.16797853 0.51133238 0.14796316 0.04600493 0.07965156 0.27275952
 0.60903347 0.04926089 0.07380269 0.39116828 0.00073335 0.3893106
 0.05913225 0.11549458 0.132877   0.03461171 0.30315747 0.00430052
 0.30716482 0.08999804 0.0773029  0.08295351 0.33097036 0.10128573
 0.42617155 0.29128709 0.51054357 0.05847853 0.20198964 0.0530448
 0.11717598 0.06985399 0.00524435 0.03748192 0.30041215 0.18929727
 0.19097066 0.17456846 0.19063223 0.01198159 0.04716784 0.01400536
 0.00288899 0.10814219 0.02755859 0.02067273 0.16623585 0.16447846
 0.11043728 0.14765501 0.19996719 0.01748737 0.0508909  0.44497219
 0.33246675 0.28783477 0.13961759 0.22345031 0.23311206 0.10103784
 0.14028864 0.06753357 0.13548404 0.08108681 0.14685878 0.11377126
 0.1393336  0.00240004 0.3631123  0.00398494 0.06753357 0.05602361
 0.22599271 0.04104138 0.11832608 0.03126332 0.30625767 0.16123095
 0.06552393 0.3306178  0.03882372 0.1084748  0.00618396 0.00853495
 0.17837814 0.0725638  0.06281413 0.04540754 0.18579022 0.3770782
 0.35897772 0.27869631 0.24140333 0.12955685 0.07682501 0.17928369
 0.06510573 0.23539769 0.15729813 0.03202694 0.03662994 0.28971704
 0.09627443 0.34360524 0.14169391 0.10692979 0.2699813  0.02654722
 0.47258493 0.27626352 0.24040826 0.01651399 0.16092905 0.23228046
 0.13961759 0.00080307 0.08138492 0.01584484 0.13026822 0.03748192
 0.07888779 0.23886602 0.18752009 0.0927863  0.22409413 0.01651399
 0.16270623 0.24006648 0.16440496 0.48581386 0.04279876 0.3035125
 0.01778927 0.0938182  0.16270623 0.01112539 0.01325134 0.34893809
 0.08239528 0.05922177 0.20232488 0.14796316 0.10125618 0.23478996
 0.19914301 0.11602138 0.0228489  0.01584484 0.08927735 0.14154354
 0.08235321 0.03202694 0.24244717 0.54842914 0.1306691  0.0530448
 0.15697177 0.52557384 0.05333869 0.095867   0.0938182  0.23260914
 0.51340564 0.0475741  0.27245821 0.00711935 0.16550541 0.61649708
 0.1314189  0.32791746 0.26301524 0.07149595 0.18377795 0.04695735
 0.21491492 0.05263897 0.12794765 0.03890844 0.347888   0.43164327
 0.17250496 0.23972412 0.27894013 0.25784687 0.12492605 0.06381662
 0.13972662 0.09526655 0.13914408 0.23270113 0.07214923 0.1284037
 0.01932219 0.21949812 0.03658249 0.06597212 0.10428084 0.12602986
 0.12572534 0.09716047 0.32524522 0.02723588 0.222089   0.55351963
 0.03748192 0.06213129 0.28541696 0.2294082  0.19618328 0.2074206
 0.21048791 0.16879368 0.31628319 0.11717598 0.30581632 0.43081472
 0.13642161 0.42818061 0.15563143 0.30270375 0.01695577 0.12370507
 0.21998256 0.05333302 0.20432491 0.13796633 0.04874312 0.04571832
 0.13461066 0.21838253 0.07493997 0.16959588 0.24569948 0.05411353
 0.26332004 0.2645732  0.12794765 0.24406408 0.16045015 0.43495803
 0.22148258 0.23606102 0.12298948 0.32576196 0.0128279  0.07306031
 0.28634959 0.0530448  0.3755134  0.35865981 0.05144288 0.0932291
 0.16988817 0.49347077 0.15357753 0.29123104 0.59053531 0.00240004
 0.08028985 0.24104961 0.4049991  0.02924538 0.09025874 0.22664993
 0.24978777 0.31810127 0.12794765 0.06427762 0.35334297 0.01513143
 0.09462665 0.56382783 0.07031514 0.18901706 0.00794134 0.37301743
 0.0314444  0.28923436 0.2973102  0.07472716 0.39873509 0.13111933
 0.03949157 0.04469923 0.02924538 0.01303532 0.16748216 0.19745084
 0.16031987 0.22783976 0.17514431 0.14313527 0.20436174 0.0564782
 0.23311206 0.08209411 0.28754611 0.07943976 0.07747641 0.19354742
 0.0938182  0.03044205 0.02804201 0.13210625 0.26497859 0.11374724
 0.14604522 0.41149151 0.2853567  0.11074136 0.06281413 0.07140934
 0.17694245 0.20306041 0.         0.0651871  0.00943991 0.1356788
 0.26725549 0.51384305 0.06075863 0.08434277 0.27541124 0.09654561
 0.34941015 0.26411613 0.18101604 0.71634391 0.03637258 0.32287676
 0.13313319 0.15405061 0.12794765 0.27391427 0.2991769  0.02414383
 0.13907435 0.16211219 0.17545378 0.03748192 0.16462548 0.06753357
 0.03748192 0.01475675 0.1560262  0.31325227 0.00711935 0.10630722
 0.29108898 0.12203168 0.1356788  0.42425943 0.09865191 0.00866916
 0.00322844 0.34236126 0.12890007 0.13218252 0.00163496 0.06185748
 0.29108301 0.20291834 0.2560004  0.02373843 0.05722174 0.04669985
 0.00412846 0.10998022 0.07320005 0.06835542 0.01800427 0.1748085
 0.2279584  0.02500279 0.20752323 0.19860792 0.10582162 0.00555804
 0.23574704 0.38118367 0.14402132 0.25332029 0.22094822 0.12263081
 0.12663103 0.05709641 0.03748192 0.04540754 0.05366883 0.51444932
 0.12583713 0.02334789 0.24486788 0.12568546 0.28225897 0.0530448
 0.40830222 0.23469709 0.17585597 0.34417104 0.08580626 0.27560048
 0.30673832 0.00711935 0.11717598 0.4664592  0.15624192 0.59961801
 0.18893176 0.09511458 0.50069332 0.0081936  0.61034631 0.02241541
 0.01625139 0.11157559 0.02804201 0.00477301 0.27289621 0.02924538
 0.10814219 0.27685902 0.11157559 0.20047462 0.22774092 0.004849
 0.0530448  0.16447846 0.34613905 0.26765477 0.11687146 0.27450846
 0.00531684 0.11112099 0.09174916 0.28264282 0.13026822 0.00205884
 0.1729335  0.08470143 0.35985547 0.33204156], shape=(640,), dtype=float64)