tf.Tensor(
[0.76174292 0.73181108 0.79290974 0.82560274 0.54244842 0.5916801
 0.85060836 0.81181381 0.77229639 0.69512295 0.74065882 0.67958999
 0.61318168 0.87038821 0.76025719 0.69503883 0.83288601 0.82042246
 0.24948222 0.8748974  0.78554669 0.76335322 0.71908912 0.31364594
 0.80978133 0.83417048 0.83464249 0.76495826 0.49930182 0.80280629
 0.81556013 0.73202342 0.1893662  0.82641452 0.30891218 0.78099453
 0.77814205 0.31462104 0.36816613 0.79732727 0.70208027 0.80877538
 0.63387572 0.35135077 0.42761289 0.66911709 0.75069229 0.19498912
 0.32872175 0.51199303 0.17491772 0.79712909 0.79263533 0.76346293
 0.30474505 0.8284814  0.79009405 0.74421257 0.74132431 0.79683629
 0.40750675 0.21269009 0.71381696 0.79333888 0.81667751 0.69531575
 0.68907203 0.74593922 0.79406643 0.80578575 0.8150463  0.82890963
 0.71738648 0.6554941  0.20423275 0.28660796 0.63411823 0.81896416
 0.6913628  0.65550347 0.74597419 0.69108805 0.77016826 0.78717722
 0.85099191 0.83489152 0.80937767 0.81357188 0.75887843 0.68625634
 0.86278128 0.81700734 0.26119137 0.84364258 0.81337839 0.83062908
 0.52289268 0.75741853 0.81151472 0.537555   0.80035701 0.81440892
 0.84568568 0.8166502  0.82158156 0.83444352 0.72770441 0.30101587
 0.75194796 0.80686302 0.69997111 0.87138651 0.81956051 0.42011704
 0.8036415  0.79226436 0.82440719 0.53719842 0.56973326 0.82261083
 0.82999604 0.81322788 0.6583563  0.75483085 0.81551407 0.85202106
 0.85501698 0.82275574 0.75453519 0.80897538 0.82911398 0.82170728
 0.76424717 0.76606284 0.83432454 0.41197628 0.70420715 0.76095799
 0.46823032 0.75081675 0.78895781 0.20258873 0.36430884 0.25218819
 0.78239775 0.79451227 0.43782865 0.76188509 0.50936169 0.8008497
 0.82636595 0.6935275  0.71180951 0.82386421 0.67425166 0.77574351
 0.80638861 0.73282046 0.75858986 0.78785174 0.80992042 0.53121791
 0.78414256 0.75375164 0.80962979 0.67430514 0.82144979 0.79897745
 0.74255621 0.80306046 0.81702574 0.75284294 0.78564989 0.296338
 0.84577186 0.69804515 0.39132122 0.83760263 0.60949399 0.40397094
 0.37890635 0.77168918 0.64406164 0.70275914 0.56449058 0.56344394
 0.70153261 0.60607681 0.7835349  0.79316871 0.34105855 0.73774508
 0.75507508 0.81802701 0.76738183 0.82790357 0.21798089 0.79142549
 0.82081092 0.25760687 0.83179663 0.77495425 0.4008948  0.66084364
 0.59327703 0.77588454 0.81919137 0.62868172 0.37632164 0.1161088
 0.82281026 0.70217776 0.82686653 0.81993754 0.81934862 0.83488581
 0.81053837 0.80555112 0.83096851 0.38373257 0.82472399 0.74209849
 0.83584479 0.80159645 0.4320607  0.81325256 0.7746867  0.72121635
 0.82495794 0.8572146  0.76152886 0.69410099 0.70239536 0.23734462
 0.64899826 0.64304118 0.81511281 0.63434418 0.80820349 0.27010003
 0.8289094  0.45447807 0.83774332 0.75684744 0.78553492 0.61142944
 0.68051389 0.76344796 0.49190849 0.7684559  0.83200269 0.79029005
 0.81778724 0.38801467 0.18047343 0.36928397 0.76088759 0.33183412
 0.85007567 0.64464816 0.80553512 0.74465109 0.84289514 0.76180623
 0.68196407 0.82468388 0.81790164 0.83787452 0.86581902 0.72621205
 0.88267439 0.75871969 0.84367412 0.66004992 0.69211915 0.75608469
 0.845825   0.60452251 0.34249857 0.09160307 0.81767215 0.81514424
 0.73005026 0.79118858 0.51162549 0.83977534 0.52582277 0.75513096
 0.54790241 0.44254218 0.81483932 0.8356369  0.76834435 0.73483671
 0.83243915 0.82052921 0.81883685 0.80698302 0.52696381 0.57121179
 0.82490239 0.83262293 0.77403104 0.77770479 0.40833487 0.71875564
 0.4215318  0.78592475 0.8265551  0.39428136 0.71193043 0.61864505
 0.83904459 0.79531319 0.84339343 0.69657153 0.78547972 0.38932017
 0.81542573 0.65918796 0.33751257 0.82426604 0.78519229 0.8461034
 0.71709059 0.79529467 0.19462534 0.36502119 0.46101756 0.7991058
 0.76095422 0.340231   0.20868937 0.71693779 0.48431402 0.83980208
 0.81455041 0.67827627 0.28956113 0.79656954 0.74246524 0.35035464
 0.56827667 0.78338621 0.7977411  0.79293008 0.76482489 0.78649082
 0.74175929 0.31958028 0.82984644 0.67092134 0.82079904 0.80736199
 0.83711223 0.81284639 0.88062283 0.48097421 0.78319124 0.83017616
 0.58880956 0.40551633 0.82989901 0.82507714 0.14398622 0.30953561
 0.82137379 0.40551633 0.7833557  0.83069331 0.41024095 0.42975428
 0.8327907  0.80287303 0.82981718 0.61135984 0.82885695 0.83657759
 0.45672026 0.48247766 0.36009131 0.40719669 0.31525453 0.51650931
 0.78724202 0.8113378  0.85237581 0.26661336 0.78381296 0.67843558
 0.80856863 0.58670851 0.70787393 0.31851959 0.75623486 0.1993591
 0.7671672  0.81795113 0.44079108 0.77120015 0.77825485 0.69089925
 0.80611581 0.51803423 0.37255989 0.80749731 0.7926039  0.8485824
 0.70998858 0.25993067 0.79290231 0.575238   0.44387671 0.76923533
 0.71359364 0.41412076 0.81882165 0.54491358 0.80905412 0.80404642
 0.82490891 0.25931546 0.25827305 0.78743928 0.77703552 0.79822167
 0.79340837 0.38193941 0.79955757 0.81722083 0.73496448 0.81623831
 0.39322455 0.79461295 0.75076795 0.7078257  0.79347808 0.72635868
 0.8126969  0.84455767 0.71302689 0.73802965 0.79406643 0.81879239
 0.80470768 0.66973538 0.80584506 0.4626746  0.61263676 0.82596778
 0.27800353 0.72718772 0.83083777 0.84170324 0.8245969  0.75772905
 0.41924698 0.40645051 0.70420978 0.70359183 0.2466406  0.76779566
 0.35531184 0.76123525 0.67504766 0.80717342 0.84782719 0.33711748
 0.82289803 0.83661119 0.80059175 0.75006257 0.83139937 0.7297058
 0.80456311 0.25017023 0.811421   0.91928858 0.81122809 0.62142394
 0.7789648  0.83536044 0.01040307 0.66444173 0.58120766 0.61544285
 0.44028353 0.79586497 0.31617762 0.81911548 0.77244451 0.68703772
 0.74162112 0.72821699 0.77747553 0.82211185 0.82778734 0.84117032
 0.77855874 0.26304179 0.81526481 0.62719405 0.59650461 0.79328174
 0.20096769 0.82596823 0.66141199 0.78666042 0.72350757 0.42629402
 0.79667172 0.77234942 0.69819178 0.80382253 0.81796301 0.3213123
 0.81727078 0.2253101  0.34385492 0.85616156 0.61647897 0.79937837
 0.81577762 0.78534909 0.80925973 0.82975581 0.49778638 0.60960759
 0.84657346 0.74651191 0.74202181 0.82293129 0.80881424 0.41820434
 0.41412076 0.8065573  0.82031938 0.81093288 0.85243512 0.48255663
 0.39682344 0.84959326 0.322525   0.81761992 0.67119288 0.74177072
 0.80622107 0.2953261  0.79706852 0.75440673 0.62493563 0.82314786
 0.81158329 0.69130131 0.82635989 0.4024627  0.60095665 0.49976091
 0.80489191 0.39467211 0.15597708 0.69817235 0.82436833 0.85229729
 0.79221053 0.81528001 0.79409089 0.80645547 0.82192522 0.78343479
 0.83654056 0.60237803 0.76400511 0.71554429 0.42549035 0.57640727
 0.78020721 0.74765386 0.31151929 0.42493652 0.7655857  0.87372287
 0.80173931 0.74784998 0.60155048 0.82093984 0.80539569 0.62769486
 0.68221196 0.71474965 0.71250346 0.65284985 0.75401907 0.31159563
 0.82980016 0.69745828 0.78917061 0.62436351 0.36939334 0.50173407
 0.84708787 0.52295645 0.79787196 0.44508872 0.54221961 0.77643072
 0.88059105 0.38989869 0.82379724 0.62864092 0.7503228  0.26208486
 0.83398317 0.82564743 0.80664061 0.77536156 0.7307689  0.76562215
 0.32926175 0.81907799 0.85202152 0.80889549 0.74732689 0.80002215
 0.53180728 0.84086918 0.82750105 0.43354095 0.79770293 0.73755388
 0.83045022 0.80188205 0.64619881 0.81759501 0.78746843 0.83332693
 0.20238245 0.10546755 0.70295182 0.84207342 0.82511988 0.36047874
 0.69555506 0.13012254 0.49777678 0.80005278 0.84864537 0.79841825
 0.68668343 0.831406   0.6937875  0.74876953 0.79399295 0.83186029
 0.72942123 0.59070318 0.57483399 0.70566991 0.74237941 0.44065782
 0.81698734 0.50460656 0.6743336  0.31633579 0.71527823 0.6366242
 0.41069261 0.50297843 0.81168363 0.83094382 0.28411902 0.7393403
 0.82941295 0.79529685 0.83410477 0.30969859 0.80607592 0.83466077
 0.57152962 0.81497224 0.80371133 0.75218282 0.83195092 0.81304902
 0.81173586 0.8385007  0.4008948  0.79299922 0.84114998 0.82954861
 0.76944551 0.39466079 0.82042246 0.46884827 0.5438282  0.23102913
 0.71746065 0.09667672 0.80154434 0.82077664 0.80414573 0.74359199
 0.55273926 0.75001869 0.62765988 0.5026854  0.81722232 0.64317581
 0.8314244  0.36410266 0.4284673  0.78569207 0.76371196 0.69797909
 0.81749158 0.73488322 0.33306613 0.73619695 0.78116848 0.76118691
 0.7760146  0.746823   0.78955485 0.83004096 0.43149944 0.84341252
 0.43768693 0.74207815 0.86968569 0.87360401 0.80298321 0.80187428
 0.62347207 0.85442257 0.84576157 0.64269443 0.61961603 0.72113349
 0.77783062 0.48600912 0.8186677  0.34756033 0.8036535  0.80431522
 0.63502418 0.86026034 0.8302949  0.58558404 0.79863688 0.75187699
 0.32226522 0.82386215 0.81739763 0.83018976 0.17404765 0.79240939
 0.25654652 0.1483834  0.68652423 0.65729515 0.81503407 0.68154658
 0.7867651  0.83448249 0.71321204 0.8114042  0.63377971 0.8034863 ], shape=(768,), dtype=float64)