tf.Tensor(
[0.82061879 0.45332913 0.57487996 0.42512004 0.30416657 0.5436762
 0.75644861 0.52817696 0.52556361 0.52556361 0.5460923  0.61937387
 0.73248354 0.77697745 0.50893938 0.51764162 0.75644861 0.73248354
 0.59884503 0.73248354 0.79493296 0.5460923  0.5460923  0.88111819
 0.50689799 0.42454148 0.77697745 0.53552225 0.59884503 0.75644861
 0.5460923  0.75644861 0.73248354 0.30416657 0.88111819 0.75644861
 0.42454148 0.73248354 0.32950136 0.75644861 0.77697745 0.59884503
 0.50092071 0.35185741 0.57487996 0.65328552 0.83829728 0.34021946
 0.61937387 0.82524685 0.5309048  0.83829728 0.73248354 0.63732938
 0.5015984  0.73248354 0.80045132 0.75644861 0.53628716 0.65328552
 0.47281088 0.43675799 0.73248354 0.73248354 0.52614102 0.34021946
 0.96336869 0.55645478 0.77697745 0.73248354 0.73248354 0.42454148
 0.33010502 0.5460923  0.57487996 0.52556361 0.2923579  0.5460923
 0.4797258  0.5460923  0.45332913 0.43675799 0.53585607 0.77697745
 0.92805918 0.75644861 0.73248354 0.57561776 0.61937387 0.38848872
 0.76362304 0.83829728 0.73248354 0.34021946 0.77697745 0.75644861
 0.57487996 0.77697745 0.5460923  0.73248354 0.73248354 0.63964262
 0.73248354 0.40901756 0.32825773 0.59884503 0.73248354 0.54211352
 0.43298263 0.75644861 0.8108891  0.52725123 0.8108891  0.77697745
 0.5563436  0.04449391 0.5460923  0.4956818  0.83829728 0.86129961
 0.23088514 0.53663547 0.53288752 0.58000396 0.77697745 0.73248354
 0.73248354 0.79493296 0.8715509  0.77697745 0.86129961 0.73248354
 0.61937387 0.66764313 0.52556361 0.73248354 0.73248354 0.51391705
 0.85025901 0.73248354 0.57487996 0.79493296 0.73248354 0.75644861
 0.82524685 0.82524685 0.59884503 0.72351461 0.5015984  0.43675799
 0.63732938 0.73248354 0.77697745 0.85025901 0.73248354 0.57487996
 0.59884503 0.71394732 0.75644861 0.75644861 0.56800335 0.49049497
 0.5460923  0.57487996 0.71394732 0.79493296 0.55613888 0.76362304
 0.75644861 0.53870685 0.58040004 0.51711657 0.47281088 0.47281088
 0.73248354 0.4873798  0.73248354 0.75644861 0.57487996 0.46457903
 0.57487996 0.59884503 0.47281088 0.8108891  0.73248354 0.93458117
 0.65920212 0.75644861 0.43675799 0.43675799 0.82524685 0.54096831
 0.55251387 0.5015984  0.77697745 0.57636273 0.34021946 0.78919396
 0.38848872 0.8108891  0.63732938 0.51625325 0.23088514 0.65920212
 0.5460923  0.60741214 0.8108891  0.38848872 0.79493296 0.47281088
 0.55157681 0.63732938 0.20209748 0.75644861 0.79493296 0.5460923
 0.50372644 0.59884503 0.73248354 0.8715509  0.55639036 0.5460923
 0.82524685 0.59884503 0.43675799 0.77697745 0.65328552 0.48296606
 0.75644861 0.5460923  0.32194806 0.73248354 0.70369603 0.75644861
 0.75644861 0.61937387 0.38848872 0.75644861 0.73248354 0.70369603
 0.54423525 0.43675799 0.88111819 0.54380617 0.51168529 0.73248354
 0.53565452 0.58349542 0.89852827 0.57487996 0.73248354 0.59884503
 0.59884503 0.38848872 0.8108891  0.59884503], shape=(256,), dtype=float64)